wsi_id,label_idx,label_name,pred_idx,pred_name,logit_CC,logit_EC,logit_HGSC,logit_LGSC,logit_MC,prob_CC,prob_EC,prob_HGSC,prob_LGSC,prob_MC
55287,0,CC,2,HGSC,0.17626953125,-1.197265625,0.75830078125,-0.29541015625,-0.73095703125,0.2457275390625,0.06219482421875,0.439697265625,0.1533203125,0.09918212890625
7329,1,EC,2,HGSC,-0.90478515625,-1.115234375,1.4833984375,-0.398681640625,-0.49072265625,0.06298828125,0.051025390625,0.68603515625,0.1044921875,0.09527587890625
281,3,LGSC,2,HGSC,-1.1416015625,-1.1025390625,1.65625,-0.36962890625,-0.32568359375,0.043731689453125,0.04547119140625,0.71728515625,0.0946044921875,0.098876953125
53688,2,HGSC,2,HGSC,-0.4677734375,-0.93017578125,0.8408203125,-0.4208984375,-0.52734375,0.1365966796875,0.08599853515625,0.50537109375,0.1431884765625,0.128662109375
38959,3,LGSC,2,HGSC,-0.83203125,-0.83837890625,0.86279296875,-0.25830078125,-0.266845703125,0.09112548828125,0.090576171875,0.496337890625,0.1617431640625,0.160400390625
57696,0,CC,0,CC,1.400390625,-0.685546875,-0.75,-0.2178955078125,-0.7451171875,0.642578125,0.079833984375,0.0748291015625,0.12744140625,0.0751953125
21020,4,MC,3,LGSC,-0.2215576171875,-0.302734375,-0.2171630859375,0.033660888671875,0.03125,0.181640625,0.16748046875,0.1824951171875,0.2344970703125,0.23388671875
35754,1,EC,2,HGSC,-1.0419921875,-0.028564453125,0.77001953125,-0.230224609375,-0.247802734375,0.0697021484375,0.192138671875,0.427001953125,0.156982421875,0.154296875
3098,2,HGSC,2,HGSC,-0.128173828125,-0.72216796875,0.85400390625,-0.6083984375,-0.732421875,0.1856689453125,0.10247802734375,0.49560546875,0.11480712890625,0.1014404296875
36302,0,CC,0,CC,1.732421875,-0.7392578125,-1.1025390625,-0.492919921875,-0.84228515625,0.75341796875,0.0635986328125,0.04425048828125,0.08135986328125,0.057403564453125
39365,2,HGSC,2,HGSC,-0.546875,-0.9990234375,1.0283203125,-0.316650390625,-0.3916015625,0.1124267578125,0.071533203125,0.54296875,0.1414794921875,0.13134765625
14424,1,EC,0,CC,0.8017578125,-0.270263671875,-0.5419921875,-0.485107421875,-0.5732421875,0.468994140625,0.1605224609375,0.12237548828125,0.1295166015625,0.11859130859375
1660,0,CC,0,CC,1.80078125,-0.64111328125,-1.3837890625,-0.35400390625,-0.810546875,0.7587890625,0.0660400390625,0.031402587890625,0.08795166015625,0.05572509765625
3264,2,HGSC,0,CC,0.822265625,-0.16064453125,-0.50341796875,-0.60107421875,-0.388671875,0.458984375,0.1717529296875,0.1219482421875,0.110595703125,0.13671875
34690,1,EC,1,EC,0.7626953125,0.84423828125,-1.1630859375,-0.5498046875,-0.5302734375,0.3603515625,0.39111328125,0.05255126953125,0.09698486328125,0.09893798828125
46444,1,EC,0,CC,0.6484375,0.491943359375,-0.689453125,-0.66455078125,-0.415771484375,0.3662109375,0.31298828125,0.0960693359375,0.0985107421875,0.1263427734375
65371,2,HGSC,2,HGSC,-0.143798828125,-0.03338623046875,0.03668212890625,-0.453125,-0.4296875,0.2083740234375,0.232666015625,0.24951171875,0.1529541015625,0.156494140625
38585,3,LGSC,1,EC,0.187744140625,0.376220703125,-0.93798828125,-0.09051513671875,-0.297119140625,0.256103515625,0.309326171875,0.08306884765625,0.19384765625,0.15771484375
23629,1,EC,1,EC,-0.94970703125,0.4990234375,0.40087890625,-0.3818359375,-0.2376708984375,0.077392578125,0.32958984375,0.298828125,0.1365966796875,0.15771484375
9200,4,MC,0,CC,0.49169921875,0.30615234375,-1.0986328125,-0.470947265625,0.049560546875,0.326904296875,0.271484375,0.066650390625,0.12481689453125,0.2100830078125
31383,1,EC,1,EC,-0.384033203125,0.9521484375,-0.54541015625,-0.583984375,-0.1444091796875,0.129150390625,0.4912109375,0.10986328125,0.105712890625,0.1640625
19157,2,HGSC,2,HGSC,-1.1279296875,0.424560546875,0.93603515625,-0.5625,-0.6025390625,0.05865478515625,0.277099609375,0.4619140625,0.10321044921875,0.09918212890625
28562,4,MC,1,EC,-0.12420654296875,1.013671875,-0.68994140625,-0.64990234375,-0.321533203125,0.1639404296875,0.51171875,0.09307861328125,0.096923828125,0.134521484375
19569,1,EC,1,EC,-1.1435546875,0.70166015625,0.0853271484375,-0.294189453125,0.421142578125,0.05596923828125,0.354248046875,0.1912841796875,0.130859375,0.267578125
35953,1,EC,2,HGSC,-1.5234375,-0.11224365234375,1.208984375,-0.336181640625,-0.364013671875,0.037109375,0.1522216796875,0.57080078125,0.1217041015625,0.11834716796875
3055,2,HGSC,2,HGSC,-1.9794921875,0.60986328125,0.9814453125,-0.1927490234375,-0.12017822265625,0.021728515625,0.289306640625,0.419677734375,0.1297607421875,0.1395263671875
44804,1,EC,1,EC,-1.638671875,1.71484375,0.396728515625,-0.326904296875,-0.142578125,0.022003173828125,0.62939453125,0.16845703125,0.08172607421875,0.0982666015625
61100,3,LGSC,1,EC,-0.221435546875,0.03594970703125,-0.380859375,0.0016632080078125,-0.050689697265625,0.1790771484375,0.231689453125,0.1527099609375,0.223876953125,0.2125244140625
44283,0,CC,1,EC,-0.5966796875,0.86962890625,-0.10650634765625,-0.25390625,-0.469970703125,0.10516357421875,0.45556640625,0.171630859375,0.148193359375,0.119384765625
38018,2,HGSC,2,HGSC,-1.8017578125,-0.2274169921875,1.7451171875,-0.5224609375,-0.85400390625,0.0214080810546875,0.10333251953125,0.7431640625,0.07696533203125,0.05523681640625
6951,2,HGSC,2,HGSC,-1.5869140625,-0.319580078125,1.693359375,-0.482177734375,-0.7685546875,0.0274505615234375,0.0975341796875,0.72998046875,0.0828857421875,0.062225341796875
46815,4,MC,1,EC,-1.294921875,1.7060546875,-0.23681640625,-0.49169921875,0.041534423828125,0.033294677734375,0.66943359375,0.095947265625,0.0743408203125,0.126708984375
8985,3,LGSC,2,HGSC,-1.9765625,0.55078125,0.947265625,-0.1148681640625,-0.25341796875,0.02264404296875,0.283447265625,0.42138671875,0.1456298828125,0.1268310546875
28519,2,HGSC,2,HGSC,-1.861328125,0.0207366943359375,1.6435546875,-0.515625,-0.51123046875,0.020599365234375,0.13525390625,0.685546875,0.0791015625,0.0794677734375
59760,1,EC,2,HGSC,-1.7265625,0.180908203125,1.3525390625,-0.4599609375,-0.405517578125,0.027191162109375,0.1832275390625,0.59130859375,0.09649658203125,0.1019287109375
17416,2,HGSC,2,HGSC,-1.5009765625,-0.41845703125,1.6279296875,-0.53125,-0.73486328125,0.031646728515625,0.09344482421875,0.72314453125,0.08349609375,0.068115234375
37385,3,LGSC,3,LGSC,-0.53662109375,0.208984375,-0.5546875,0.45361328125,0.1671142578125,0.11358642578125,0.2393798828125,0.111572265625,0.305908203125,0.2296142578125
5251,2,HGSC,2,HGSC,-1.744140625,-0.63427734375,2.052734375,-0.358154296875,-0.69970703125,0.018035888671875,0.054718017578125,0.8037109375,0.0721435546875,0.05126953125
52784,2,HGSC,2,HGSC,-1.8017578125,0.188232421875,1.1572265625,-0.048614501953125,-0.58251953125,0.0272064208984375,0.1990966796875,0.5244140625,0.1571044921875,0.09210205078125
10800,1,EC,2,HGSC,-1.8212890625,0.049102783203125,1.4794921875,-0.2276611328125,-0.51904296875,0.02313232421875,0.150146484375,0.6279296875,0.1138916015625,0.0850830078125
17174,2,HGSC,2,HGSC,-1.7529296875,-0.169189453125,1.6904296875,-0.25390625,-0.49560546875,0.0221405029296875,0.10791015625,0.69287109375,0.09912109375,0.077880859375
9509,2,HGSC,2,HGSC,-1.7958984375,0.1328125,1.1943359375,-0.1282958984375,-0.33837890625,0.026763916015625,0.18408203125,0.5322265625,0.141845703125,0.11492919921875
54990,2,HGSC,2,HGSC,-0.80029296875,-0.837890625,1.4443359375,-0.26123046875,-0.73388671875,0.07049560546875,0.06793212890625,0.66552734375,0.120849609375,0.0753173828125
38366,3,LGSC,1,EC,-1.6494140625,0.673828125,0.268798828125,0.2447509765625,-0.16943359375,0.034423828125,0.351318359375,0.234375,0.228759765625,0.151123046875
18196,2,HGSC,2,HGSC,-1.4375,-1.3916015625,1.98046875,-0.07708740234375,-0.447509765625,0.025543212890625,0.0267486572265625,0.779296875,0.09954833984375,0.0687255859375
19512,2,HGSC,2,HGSC,-1.40234375,-1.23828125,2.072265625,-0.323974609375,-0.388671875,0.02490234375,0.0293426513671875,0.8037109375,0.07318115234375,0.068603515625
56117,4,MC,4,MC,-0.77001953125,0.30224609375,-0.24755859375,0.269775390625,0.4765625,0.08392333984375,0.2452392578125,0.1414794921875,0.2374267578125,0.2919921875
62476,4,MC,2,HGSC,-1.3916015625,-0.352294921875,0.7236328125,0.2232666015625,0.275634765625,0.0445556640625,0.1259765625,0.369384765625,0.2239990234375,0.236083984375
10246,1,EC,1,EC,-1.470703125,0.6845703125,0.07989501953125,0.409912109375,0.205322265625,0.0380859375,0.328857421875,0.1795654296875,0.2498779296875,0.20361328125
21260,3,LGSC,2,HGSC,-1.11328125,-1.4091796875,1.3779296875,0.334716796875,-0.11053466796875,0.048065185546875,0.0357666015625,0.58056640625,0.20458984375,0.131103515625
15139,2,HGSC,2,HGSC,-0.88671875,-1.513671875,1.90234375,-0.360595703125,-0.404052734375,0.04736328125,0.025299072265625,0.7705078125,0.08013916015625,0.07672119140625
50962,1,EC,2,HGSC,-1.23828125,-1.34375,1.8408203125,-0.468017578125,-0.18798828125,0.034881591796875,0.031402587890625,0.7587890625,0.07537841796875,0.0997314453125
8240,2,HGSC,2,HGSC,-1.474609375,-1.0244140625,1.6875,0.0001499652862548828,-0.1995849609375,0.029296875,0.04595947265625,0.69189453125,0.1280517578125,0.1048583984375
12159,2,HGSC,2,HGSC,-1.4951171875,-0.8271484375,1.1513671875,0.1102294921875,0.2132568359375,0.036285400390625,0.07080078125,0.51171875,0.1806640625,0.2003173828125
17067,0,CC,0,CC,0.6416015625,-0.281494140625,-0.75390625,-0.0009584426879882812,0.0007801055908203125,0.37060546875,0.147216796875,0.091796875,0.1949462890625,0.1953125
41801,2,HGSC,2,HGSC,-1.0107421875,-1.4970703125,1.7685546875,-0.469482421875,-0.14111328125,0.045806884765625,0.028167724609375,0.73779296875,0.0787353515625,0.10931396484375
14039,2,HGSC,2,HGSC,-1.4287109375,-1.330078125,1.828125,-0.099853515625,-0.1795654296875,0.0283050537109375,0.0312347412109375,0.73486328125,0.10687255859375,0.09869384765625
54949,2,HGSC,2,HGSC,-1.083984375,-1.412109375,2.0546875,-0.48486328125,-0.302001953125,0.03472900390625,0.0250091552734375,0.80126953125,0.063232421875,0.07586669921875
26603,2,HGSC,2,HGSC,-1.3134765625,-1.486328125,1.8916015625,-0.212646484375,-0.13427734375,0.0305328369140625,0.0256805419921875,0.7529296875,0.091796875,0.0992431640625
50246,1,EC,2,HGSC,-1.072265625,-0.7626953125,0.68212890625,0.289794921875,-0.1531982421875,0.0687255859375,0.0936279296875,0.397216796875,0.268310546875,0.1722412109375
15221,2,HGSC,2,HGSC,-1.306640625,-1.365234375,1.6611328125,-0.2236328125,-0.1466064453125,0.03631591796875,0.03424072265625,0.70654296875,0.10723876953125,0.1158447265625
45185,2,HGSC,2,HGSC,-1.009765625,-1.7666015625,2.07421875,-0.548828125,-0.45751953125,0.03753662109375,0.017608642578125,0.8203125,0.05950927734375,0.065185546875
11559,2,HGSC,1,EC,-0.61279296875,0.82958984375,-0.474853515625,-0.10797119140625,0.352294921875,0.09381103515625,0.39697265625,0.107666015625,0.1553955078125,0.2462158203125
43796,0,CC,0,CC,0.31298828125,-0.80615234375,0.055755615234375,-0.296142578125,-0.0645751953125,0.30029296875,0.09808349609375,0.2322998046875,0.163330078125,0.2059326171875
41361,2,HGSC,2,HGSC,-1.1748046875,-1.43359375,1.9111328125,-0.54638671875,-0.29443359375,0.035797119140625,0.027618408203125,0.783203125,0.06707763671875,0.0863037109375
9183,3,LGSC,2,HGSC,-0.77685546875,-1.7744140625,1.615234375,-0.2314453125,-0.52734375,0.0653076171875,0.024078369140625,0.71435546875,0.1126708984375,0.08380126953125
6363,1,EC,2,HGSC,-0.99658203125,-1.4677734375,1.96875,-0.61962890625,-0.462646484375,0.041351318359375,0.0258026123046875,0.80224609375,0.060272216796875,0.07049560546875
10252,3,LGSC,2,HGSC,-0.84130859375,-1.4873046875,1.83984375,-0.0855712890625,-0.6005859375,0.05120849609375,0.0268402099609375,0.74755859375,0.1090087890625,0.06512451171875
62641,2,HGSC,2,HGSC,-0.92529296875,-1.5712890625,1.865234375,-0.465576171875,-0.49267578125,0.047760009765625,0.0250396728515625,0.77783203125,0.07562255859375,0.0736083984375
44232,1,EC,2,HGSC,-1.3291015625,-0.14990234375,1.158203125,-0.66943359375,0.024139404296875,0.0452880859375,0.147216796875,0.54443359375,0.08758544921875,0.17529296875
61089,2,HGSC,2,HGSC,-1.171875,-1.1640625,1.6640625,-0.1802978515625,-0.347900390625,0.0416259765625,0.04193115234375,0.70947265625,0.1121826171875,0.0948486328125
59002,1,EC,2,HGSC,-1.0625,-1.2783203125,1.6982421875,-0.406494140625,-0.55419921875,0.047149658203125,0.037994384765625,0.74560546875,0.09088134765625,0.078369140625
37655,2,HGSC,2,HGSC,-1.0673828125,-1.130859375,1.6640625,-0.232421875,-0.6845703125,0.0474853515625,0.0445556640625,0.72900390625,0.10943603515625,0.06964111328125
42857,0,CC,2,HGSC,-0.75927734375,-0.654296875,1.0400390625,-0.241943359375,-0.1881103515625,0.086181640625,0.095703125,0.52099609375,0.14453125,0.152587890625
43432,2,HGSC,2,HGSC,-0.256103515625,-0.98828125,1.09375,-0.275146484375,-0.62109375,0.142578125,0.06854248046875,0.5498046875,0.139892578125,0.0989990234375
10548,0,CC,2,HGSC,-0.54638671875,-1.0048828125,1.1904296875,-0.5234375,-0.53173828125,0.10693359375,0.067626953125,0.607421875,0.10943603515625,0.1085205078125
29147,2,HGSC,2,HGSC,-1.18359375,-0.8603515625,1.421875,-0.481201171875,-0.4306640625,0.049835205078125,0.06884765625,0.6748046875,0.10064697265625,0.1058349609375
54825,2,HGSC,2,HGSC,-0.8427734375,-1.203125,1.52734375,-0.242919921875,-0.5126953125,0.0640869140625,0.044677734375,0.685546875,0.11669921875,0.089111328125
38118,1,EC,1,EC,-0.47412109375,1.26171875,-0.471923828125,-0.01509857177734375,-0.395751953125,0.09674072265625,0.548828125,0.096923828125,0.153076171875,0.1046142578125
28922,2,HGSC,2,HGSC,-1.19921875,-1.048828125,1.6279296875,-0.50146484375,-0.46728515625,0.043212890625,0.050201416015625,0.72998046875,0.0867919921875,0.08984375
38479,1,EC,2,HGSC,-0.8134765625,-0.417236328125,0.95166015625,-0.84619140625,-0.1114501953125,0.08837890625,0.13134765625,0.5166015625,0.08551025390625,0.1783447265625
51032,1,EC,2,HGSC,-0.49755859375,-0.68212890625,0.86181640625,-0.4033203125,-0.40673828125,0.126220703125,0.10498046875,0.49169921875,0.1387939453125,0.1383056640625
26025,3,LGSC,2,HGSC,-1.13671875,-0.148193359375,0.9892578125,-0.360107421875,-0.55859375,0.062408447265625,0.167724609375,0.52294921875,0.1356201171875,0.11126708984375
36513,2,HGSC,2,HGSC,-0.9755859375,-0.578125,1.2734375,-0.81591796875,-0.312744140625,0.0662841796875,0.09869384765625,0.62841796875,0.07781982421875,0.128662109375
43280,1,EC,1,EC,0.07720947265625,1.0771484375,-0.292724609375,-0.68310546875,-0.465087890625,0.1832275390625,0.498046875,0.1265869140625,0.08563232421875,0.10650634765625
50878,2,HGSC,2,HGSC,-0.82861328125,-0.383544921875,1.056640625,-0.271484375,-0.74853515625,0.08349609375,0.1302490234375,0.5498046875,0.145751953125,0.0904541015625
30272,0,CC,0,CC,0.7841796875,-0.63525390625,0.1572265625,-0.70166015625,-0.88232421875,0.456298828125,0.1103515625,0.2437744140625,0.103271484375,0.086181640625
51832,2,HGSC,2,HGSC,-1.4765625,0.55419921875,0.939453125,-0.16015625,-0.66845703125,0.03875732421875,0.29541015625,0.434326171875,0.1446533203125,0.08697509765625
51215,1,EC,2,HGSC,-1.3916015625,-0.271240234375,1.2578125,-0.361572265625,-0.471435546875,0.042510986328125,0.13037109375,0.6015625,0.11907958984375,0.106689453125
10896,2,HGSC,2,HGSC,-1.294921875,-0.736328125,1.814453125,-0.63720703125,-0.640625,0.03448486328125,0.060272216796875,0.7724609375,0.0665283203125,0.06634521484375
10642,2,HGSC,2,HGSC,-1.359375,-0.264404296875,1.392578125,-0.43994140625,-0.43505859375,0.040496826171875,0.12109375,0.634765625,0.1015625,0.10205078125
29904,2,HGSC,2,HGSC,-1.390625,-0.60595703125,1.900390625,-0.60498046875,-0.68994140625,0.0291748046875,0.06396484375,0.7841796875,0.06402587890625,0.058807373046875
33976,3,LGSC,2,HGSC,-0.78515625,-1.19140625,1.5546875,-0.2379150390625,-0.92919921875,0.06829833984375,0.045501708984375,0.708984375,0.1180419921875,0.05914306640625
2097,2,HGSC,2,HGSC,-1.46484375,0.128173828125,0.9306640625,-0.26904296875,-0.6142578125,0.04437255859375,0.21826171875,0.48681640625,0.146728515625,0.1038818359375
18014,0,CC,0,CC,0.56201171875,-1.5517578125,0.49609375,-0.07196044921875,-1.2470703125,0.363525390625,0.043914794921875,0.34033203125,0.19287109375,0.059539794921875
50304,1,EC,1,EC,-1.3388671875,1.6162109375,0.11273193359375,-0.2178955078125,-0.34375,0.033050537109375,0.634765625,0.14111328125,0.1014404296875,0.08941650390625
23523,4,MC,2,HGSC,-1.171875,-0.51025390625,1.4521484375,-0.60107421875,-0.33251953125,0.04803466796875,0.09307861328125,0.66259765625,0.08502197265625,0.1112060546875
65022,3,LGSC,2,HGSC,-1.099609375,-1.3505859375,1.796875,-0.178955078125,-0.732421875,0.04193115234375,0.032623291015625,0.759765625,0.10528564453125,0.060546875
13568,3,LGSC,2,HGSC,0.1019287109375,-1.0693359375,0.67626953125,0.43896484375,-0.93359375,0.20654296875,0.06402587890625,0.36669921875,0.289306640625,0.07330322265625
24023,1,EC,2,HGSC,-1.099609375,-1.2685546875,1.7421875,-0.386474609375,-0.496337890625,0.043731689453125,0.036956787109375,0.75,0.0892333984375,0.0799560546875
36639,2,HGSC,2,HGSC,-1.2216796875,0.247802734375,0.5673828125,0.412841796875,-0.7314453125,0.055267333984375,0.240234375,0.330810546875,0.283447265625,0.09027099609375
26950,0,CC,2,HGSC,0.070068359375,-1.705078125,1.03125,-0.065185546875,-0.779296875,0.1966552734375,0.0333251953125,0.51416015625,0.1717529296875,0.0841064453125
39208,4,MC,1,EC,-1.13671875,0.92431640625,0.42626953125,-0.5048828125,0.1009521484375,0.052764892578125,0.414306640625,0.251708984375,0.0992431640625,0.181884765625
47960,0,CC,2,HGSC,-0.73486328125,-1.03515625,1.1181640625,0.2257080078125,-0.85595703125,0.0860595703125,0.063720703125,0.548828125,0.224853515625,0.07623291015625
38849,3,LGSC,3,LGSC,0.884765625,-0.5400390625,-0.88427734375,0.8916015625,-0.99853515625,0.38916015625,0.0936279296875,0.06634521484375,0.391845703125,0.059173583984375
38019,4,MC,1,EC,0.10400390625,0.158447265625,-0.32373046875,-0.11846923828125,-0.345458984375,0.2412109375,0.254638671875,0.1572265625,0.193115234375,0.15380859375
47431,4,MC,4,MC,-0.279296875,-0.66943359375,-0.1224365234375,-0.19287109375,0.23681640625,0.17822265625,0.12060546875,0.2083740234375,0.1942138671875,0.298583984375
24759,2,HGSC,2,HGSC,-1.0,-1.3017578125,1.3115234375,-0.2264404296875,-0.421875,0.0633544921875,0.046875,0.6396484375,0.1373291015625,0.11297607421875
60058,2,HGSC,2,HGSC,-0.7998046875,-1.4326171875,1.4306640625,-0.049957275390625,-0.39111328125,0.06915283203125,0.0367431640625,0.6435546875,0.1463623046875,0.10406494140625
16064,1,EC,2,HGSC,-0.6728515625,-1.2783203125,1.0283203125,0.032379150390625,-0.286376953125,0.09503173828125,0.0518798828125,0.52099609375,0.1923828125,0.139892578125
1295,2,HGSC,0,CC,0.391357421875,0.047271728515625,-1.05078125,0.08038330078125,-0.12103271484375,0.30517578125,0.21630859375,0.0721435546875,0.2236328125,0.182861328125
14051,0,CC,2,HGSC,-1.1923828125,-1.3369140625,1.5615234375,-0.29150390625,-0.31298828125,0.0445556640625,0.03857421875,0.69970703125,0.10968017578125,0.10736083984375
12902,1,EC,0,CC,0.27685546875,-0.7626953125,-0.19677734375,-0.30908203125,0.056396484375,0.2998046875,0.10601806640625,0.186767578125,0.1668701171875,0.240478515625
62828,0,CC,0,CC,0.5712890625,-0.212646484375,-0.5400390625,-0.7412109375,0.07623291015625,0.375244140625,0.17138671875,0.12353515625,0.10101318359375,0.228759765625
52438,2,HGSC,2,HGSC,-0.8046875,-1.263671875,1.150390625,-0.29541015625,-0.11383056640625,0.0809326171875,0.0511474609375,0.57177734375,0.1346435546875,0.1614990234375
36499,2,HGSC,2,HGSC,-1.2587890625,-0.95361328125,1.4521484375,-0.29541015625,-0.39306640625,0.044647216796875,0.060577392578125,0.671875,0.11700439453125,0.10614013671875
39872,4,MC,4,MC,0.10308837890625,-0.30810546875,-0.4384765625,-0.7744140625,0.634765625,0.229248046875,0.1519775390625,0.1334228515625,0.0953369140625,0.39013671875
26190,2,HGSC,2,HGSC,-1.064453125,-1.365234375,1.408203125,-0.50830078125,-0.1954345703125,0.056427001953125,0.041778564453125,0.6689453125,0.098388671875,0.134521484375
31333,2,HGSC,2,HGSC,-1.166015625,-1.361328125,1.533203125,-0.397216796875,-0.1505126953125,0.0462646484375,0.038055419921875,0.68798828125,0.099853515625,0.1278076171875
35998,2,HGSC,4,MC,-0.98046875,-0.35888671875,0.1328125,0.1719970703125,0.310546875,0.07867431640625,0.146484375,0.239501953125,0.2491455078125,0.2861328125
44432,2,HGSC,2,HGSC,-0.97314453125,-1.0419921875,1.02734375,-0.365966796875,-0.1287841796875,0.07415771484375,0.0692138671875,0.54833984375,0.1361083984375,0.1724853515625
22155,0,CC,2,HGSC,0.259521484375,-0.94287109375,0.3017578125,-1.0556640625,-0.0523681640625,0.299072265625,0.08984375,0.31201171875,0.08026123046875,0.2188720703125
44962,1,EC,2,HGSC,-1.2255859375,-0.4306640625,1.0625,-0.56201171875,0.1427001953125,0.05279541015625,0.11688232421875,0.5205078125,0.1025390625,0.2073974609375
10077,1,EC,2,HGSC,-1.1923828125,0.147216796875,0.8388671875,-0.8671875,0.2010498046875,0.055999755859375,0.2138671875,0.427001953125,0.0775146484375,0.2255859375
49281,2,HGSC,2,HGSC,-1.5234375,-0.88232421875,1.908203125,-0.457763671875,-0.3955078125,0.025115966796875,0.04766845703125,0.77685546875,0.0728759765625,0.07757568359375
9154,2,HGSC,2,HGSC,-1.1953125,-1.2802734375,1.845703125,-0.6103515625,-0.333740234375,0.037017822265625,0.03399658203125,0.77490234375,0.06646728515625,0.087646484375
25256,3,LGSC,2,HGSC,-0.7646484375,-1.306640625,1.2744140625,-0.693359375,-0.07159423828125,0.0810546875,0.047149658203125,0.62255859375,0.0870361328125,0.162109375
3997,4,MC,2,HGSC,-1.251953125,-1.1591796875,1.7822265625,-0.724609375,-0.203857421875,0.036468505859375,0.040008544921875,0.7578125,0.061767578125,0.10400390625
45630,1,EC,2,HGSC,-0.65966796875,-1.4228515625,1.5693359375,-0.646484375,-0.65966796875,0.07830810546875,0.0364990234375,0.7275390625,0.079345703125,0.07830810546875
61424,2,HGSC,2,HGSC,-0.57861328125,-1.603515625,1.224609375,-0.47607421875,-0.30029296875,0.1014404296875,0.036407470703125,0.61572265625,0.1124267578125,0.134033203125
53377,0,CC,0,CC,1.556640625,-1.1201171875,-0.8310546875,-0.33740234375,-0.861328125,0.71435546875,0.04913330078125,0.06561279296875,0.10748291015625,0.06365966796875
51679,1,EC,1,EC,-0.68310546875,1.296875,-0.275146484375,-0.08050537109375,-0.06341552734375,0.074462890625,0.5390625,0.1119384765625,0.135986328125,0.1383056640625
48734,1,EC,1,EC,-0.5849609375,0.90185546875,-0.69580078125,0.55126953125,-0.1898193359375,0.09161376953125,0.405029296875,0.08197021484375,0.285400390625,0.135986328125
4134,4,MC,0,CC,0.0848388671875,-1.0205078125,0.0043792724609375,-0.48095703125,-0.312255859375,0.2861328125,0.09478759765625,0.26416015625,0.16259765625,0.1923828125
16042,2,HGSC,2,HGSC,-1.0751953125,-1.5341796875,1.8466796875,-0.287353515625,-0.4189453125,0.041107177734375,0.025970458984375,0.76318359375,0.09033203125,0.0792236328125
30792,1,EC,2,HGSC,-0.447509765625,-0.86669921875,1.275390625,-0.77001953125,-0.76171875,0.11474609375,0.07550048828125,0.642578125,0.0831298828125,0.08380126953125
7490,1,EC,1,EC,0.480712890625,1.1689453125,-1.0947265625,-0.332763671875,-0.66455078125,0.252685546875,0.5029296875,0.052276611328125,0.11199951171875,0.08038330078125
63015,0,CC,0,CC,1.142578125,0.0601806640625,-0.9521484375,-0.81298828125,-0.42138671875,0.5517578125,0.1868896484375,0.06793212890625,0.07806396484375,0.115478515625
4963,2,HGSC,2,HGSC,-0.4501953125,-0.28857421875,0.9287109375,-1.0107421875,-0.546875,0.131103515625,0.1541748046875,0.5205078125,0.07489013671875,0.11907958984375
24563,0,CC,0,CC,0.66162109375,0.26416015625,-0.345947265625,-0.9619140625,-0.43310546875,0.38916015625,0.261474609375,0.14208984375,0.0767822265625,0.1302490234375
34649,2,HGSC,2,HGSC,-1.0341796875,-0.61865234375,1.4462890625,-0.93408203125,-0.3349609375,0.056884765625,0.086181640625,0.6796875,0.0628662109375,0.11444091796875
18813,0,CC,0,CC,1.7158203125,-0.51904296875,-0.7724609375,-0.6298828125,-1.017578125,0.740234375,0.0792236328125,0.061492919921875,0.0709228515625,0.048126220703125
12522,1,EC,2,HGSC,-1.24609375,-0.45751953125,1.5126953125,-0.994140625,-0.487060546875,0.044647216796875,0.09820556640625,0.70458984375,0.05743408203125,0.0953369140625
30369,0,CC,0,CC,0.8369140625,0.58544921875,-0.9296875,-0.91796875,-0.7451171875,0.4296875,0.334228515625,0.07342529296875,0.0743408203125,0.08831787109375
24991,2,HGSC,2,HGSC,0.285400390625,-0.85400390625,0.64306640625,-0.86767578125,-0.84814453125,0.295166015625,0.094482421875,0.422119140625,0.09320068359375,0.09503173828125
61320,1,EC,1,EC,-0.75634765625,1.3173828125,-0.32421875,-0.79833984375,0.087890625,0.07257080078125,0.5771484375,0.11181640625,0.069580078125,0.1688232421875
56221,2,HGSC,2,HGSC,-1.0595703125,-1.328125,1.8017578125,-0.63623046875,-0.6337890625,0.044830322265625,0.034271240234375,0.78369140625,0.0684814453125,0.068603515625
51499,1,EC,2,HGSC,-1.6474609375,-0.055328369140625,1.4404296875,-0.818359375,-0.29541015625,0.0294036865234375,0.14453125,0.64501953125,0.0673828125,0.11370849609375
31473,2,HGSC,2,HGSC,-0.68994140625,-0.53662109375,1.1640625,-1.0380859375,-0.6123046875,0.09674072265625,0.11273193359375,0.61767578125,0.06829833984375,0.10455322265625
36583,3,LGSC,1,EC,-0.352294921875,0.552734375,-0.38671875,-0.72265625,0.0189361572265625,0.1519775390625,0.375732421875,0.1468505859375,0.10498046875,0.2203369140625
1080,2,HGSC,2,HGSC,-0.8662109375,-0.287109375,0.8857421875,-1.076171875,-0.09295654296875,0.08673095703125,0.15478515625,0.5,0.0703125,0.18798828125
22924,1,EC,0,CC,1.8212890625,0.62841796875,-1.4140625,-0.82177734375,-1.0283203125,0.6796875,0.2061767578125,0.0267333984375,0.04833984375,0.039306640625
54408,1,EC,1,EC,-0.2237548828125,1.8271484375,-0.481201171875,-0.98974609375,-0.623046875,0.0936279296875,0.7275390625,0.07232666015625,0.04351806640625,0.06280517578125
32596,2,HGSC,1,EC,-1.5751953125,1.2333984375,0.60888671875,-0.421630859375,-0.513671875,0.0307464599609375,0.509765625,0.27294921875,0.097412109375,0.0888671875
4608,1,EC,1,EC,-0.63037109375,2.1875,-0.8076171875,-0.486083984375,-0.496826171875,0.04791259765625,0.8017578125,0.040130615234375,0.055328369140625,0.05474853515625
33708,3,LGSC,1,EC,-0.48388671875,1.7880859375,-0.86669921875,-0.25048828125,-0.27978515625,0.07208251953125,0.69921875,0.049163818359375,0.091064453125,0.08843994140625
14617,1,EC,2,HGSC,-0.50244140625,-0.468994140625,1.1572265625,-0.87353515625,-0.79150390625,0.11456298828125,0.118408203125,0.60205078125,0.07904052734375,0.0858154296875
24507,2,HGSC,2,HGSC,-1.2685546875,-0.4287109375,1.4638671875,-0.86328125,-0.65478515625,0.045379638671875,0.1051025390625,0.69775390625,0.06805419921875,0.0838623046875
18547,2,HGSC,1,EC,0.0628662109375,0.859375,0.04205322265625,-0.70849609375,-1.03515625,0.2003173828125,0.444091796875,0.1961669921875,0.09259033203125,0.0667724609375
4211,2,HGSC,1,EC,-0.986328125,1.009765625,0.1470947265625,-0.513671875,-0.07037353515625,0.064208984375,0.47265625,0.199462890625,0.10302734375,0.1605224609375
47035,1,EC,1,EC,-0.5517578125,1.8447265625,-1.0263671875,-0.153564453125,-0.487060546875,0.06597900390625,0.724609375,0.041015625,0.09820556640625,0.07037353515625
27315,0,CC,2,HGSC,-0.96875,-1.12109375,1.3671875,-0.35595703125,-0.67822265625,0.06500244140625,0.055816650390625,0.67236328125,0.1199951171875,0.0869140625
24617,2,HGSC,2,HGSC,-0.9990234375,-0.85498046875,1.7998046875,-0.57763671875,-0.85400390625,0.047027587890625,0.0543212890625,0.7724609375,0.07171630859375,0.05438232421875
43998,1,EC,2,HGSC,-0.958984375,-1.1494140625,1.40625,-0.5830078125,-0.47314453125,0.06427001953125,0.053131103515625,0.6845703125,0.0936279296875,0.1044921875
29200,2,HGSC,2,HGSC,-0.94140625,-0.91650390625,1.4052734375,-0.36572265625,-0.701171875,0.06439208984375,0.0660400390625,0.67333984375,0.11456298828125,0.0819091796875
38349,0,CC,2,HGSC,0.427734375,-1.384765625,0.9091796875,-0.55322265625,-1.1533203125,0.29736328125,0.048553466796875,0.4814453125,0.11151123046875,0.061187744140625
17487,1,EC,2,HGSC,-1.396484375,-1.009765625,1.857421875,-0.421875,-0.423828125,0.0297088623046875,0.043731689453125,0.76904296875,0.0787353515625,0.07855224609375
46139,2,HGSC,2,HGSC,-1.7861328125,0.1224365234375,1.42578125,-0.5078125,-0.92919921875,0.025970458984375,0.175048828125,0.64453125,0.09320068359375,0.0611572265625
60287,2,HGSC,2,HGSC,-1.068359375,-0.97509765625,1.5908203125,-0.372314453125,-0.323974609375,0.048797607421875,0.053558349609375,0.697265625,0.097900390625,0.10272216796875
38647,1,EC,2,HGSC,-1.6396484375,-0.414306640625,1.6376953125,-0.3994140625,-0.5595703125,0.02679443359375,0.09124755859375,0.71044921875,0.0926513671875,0.07891845703125
13387,3,LGSC,2,HGSC,-1.380859375,-0.8720703125,1.533203125,-0.379150390625,-0.55029296875,0.038299560546875,0.063720703125,0.7060546875,0.104248046875,0.087890625
16986,2,HGSC,1,EC,-0.919921875,1.2353515625,0.05560302734375,-0.153076171875,-1.216796875,0.06585693359375,0.568359375,0.1748046875,0.141845703125,0.0489501953125
34688,3,LGSC,1,EC,-1.7646484375,1.650390625,-0.0208587646484375,0.1793212890625,-0.38037109375,0.020782470703125,0.63232421875,0.11883544921875,0.1451416015625,0.08294677734375
35652,2,HGSC,2,HGSC,-1.3994140625,-0.96923828125,1.869140625,-0.3134765625,-0.57177734375,0.02935791015625,0.045135498046875,0.771484375,0.08697509765625,0.06719970703125
38687,0,CC,2,HGSC,-0.94140625,-0.56787109375,1.1298828125,-0.39111328125,-0.61474609375,0.07403564453125,0.1075439453125,0.58740234375,0.1282958984375,0.10260009765625
28121,2,HGSC,2,HGSC,-1.033203125,-1.4267578125,1.7109375,-0.16796875,-0.473388671875,0.046844482421875,0.031585693359375,0.728515625,0.11126708984375,0.08197021484375
63165,0,CC,2,HGSC,-1.1572265625,-1.111328125,1.5068359375,-0.39208984375,-0.465576171875,0.048675537109375,0.05096435546875,0.69873046875,0.1046142578125,0.09716796875
30539,2,HGSC,2,HGSC,-0.69140625,-1.5498046875,1.6640625,-0.27490234375,-0.62255859375,0.0687255859375,0.02911376953125,0.724609375,0.10418701171875,0.0736083984375
1925,2,HGSC,2,HGSC,-1.1181640625,-1.3623046875,1.740234375,-0.293212890625,-0.397705078125,0.042449951171875,0.03326416015625,0.740234375,0.09686279296875,0.0872802734375
49872,3,LGSC,2,HGSC,-1.16015625,-1.150390625,1.609375,-0.377685546875,-0.51513671875,0.04534912109375,0.0457763671875,0.72314453125,0.09918212890625,0.08642578125
52752,1,EC,2,HGSC,-1.1474609375,-0.9921875,1.693359375,-0.458251953125,-0.394775390625,0.042724609375,0.049896240234375,0.7314453125,0.0850830078125,0.09063720703125
55876,1,EC,1,EC,-1.328125,2.1328125,-0.4521484375,0.129150390625,-0.89892578125,0.0243377685546875,0.775390625,0.058441162109375,0.10455322265625,0.037384033203125
63121,1,EC,1,EC,-1.8662109375,1.6904296875,0.250732421875,0.08441162109375,-0.417236328125,0.017974853515625,0.6298828125,0.1492919921875,0.1263427734375,0.0765380859375
28393,2,HGSC,2,HGSC,-0.84228515625,-1.1806640625,1.40625,-0.50634765625,-0.457275390625,0.0711669921875,0.05072021484375,0.673828125,0.09954833984375,0.10455322265625
9254,4,MC,2,HGSC,-1.26953125,-1.0087890625,1.4658203125,-0.3486328125,-0.182861328125,0.043121337890625,0.05596923828125,0.66455078125,0.10833740234375,0.1278076171875
64824,0,CC,2,HGSC,-1.1748046875,-0.347412109375,1.0634765625,-0.77490234375,-0.3720703125,0.06103515625,0.1395263671875,0.572265625,0.09100341796875,0.13623046875
46469,2,HGSC,2,HGSC,-1.419921875,-0.29345703125,1.3916015625,-0.465576171875,-0.4501953125,0.038543701171875,0.11883544921875,0.64111328125,0.10003662109375,0.10162353515625
28603,0,CC,0,CC,1.24609375,0.916015625,-1.35546875,-0.40625,-1.1005859375,0.480712890625,0.345458984375,0.03564453125,0.09210205078125,0.045989990234375
42260,4,MC,2,HGSC,-1.708984375,0.1826171875,0.9912109375,-0.23779296875,-0.485595703125,0.033050537109375,0.2191162109375,0.49169921875,0.1439208984375,0.1123046875
44700,1,EC,1,EC,-1.544921875,0.521484375,0.43408203125,-0.10321044921875,-0.1068115234375,0.04071044921875,0.3212890625,0.29443359375,0.172119140625,0.17138671875
35592,2,HGSC,2,HGSC,-0.79931640625,-1.3427734375,1.576171875,-0.477294921875,-0.408935546875,0.0657958984375,0.0382080078125,0.7080078125,0.0908203125,0.09722900390625
38901,1,EC,2,HGSC,-0.95751953125,-1.1484375,1.5732421875,-0.6162109375,-0.46630859375,0.057373046875,0.047393798828125,0.720703125,0.0806884765625,0.09375
48502,4,MC,2,HGSC,-1.2109375,-0.859375,1.3916015625,-0.366455078125,-0.77490234375,0.050537109375,0.07183837890625,0.68212890625,0.1175537109375,0.078125
50589,2,HGSC,2,HGSC,-0.93212890625,-1.49609375,1.66015625,-0.68603515625,-0.362060546875,0.055633544921875,0.031646728515625,0.7431640625,0.0711669921875,0.098388671875
28736,1,EC,1,EC,-1.6220703125,1.869140625,-0.12396240234375,-0.26025390625,-0.2099609375,0.0215911865234375,0.708984375,0.09661865234375,0.08428955078125,0.088623046875
16325,0,CC,2,HGSC,-0.2296142578125,-1.2451171875,0.6220703125,-0.9306640625,-0.2369384765625,0.1925048828125,0.0697021484375,0.451171875,0.09552001953125,0.191162109375
12222,0,CC,2,HGSC,-0.841796875,-1.2646484375,1.4013671875,-0.469482421875,-0.21044921875,0.06939697265625,0.04547119140625,0.65380859375,0.1007080078125,0.1304931640625
14542,2,HGSC,2,HGSC,-0.8525390625,-1.37890625,1.4521484375,-0.6904296875,-0.36572265625,0.06939697265625,0.040985107421875,0.6953125,0.08160400390625,0.11285400390625
10469,1,EC,1,EC,-0.2327880859375,0.98779296875,-0.75634765625,-0.314697265625,-0.46484375,0.1492919921875,0.50634765625,0.0885009765625,0.1375732421875,0.118408203125
10143,2,HGSC,2,HGSC,-1.1865234375,-1.1494140625,1.4931640625,-0.77587890625,-0.45166015625,0.049468994140625,0.051361083984375,0.72119140625,0.0745849609375,0.1031494140625
15188,1,EC,1,EC,-0.273681640625,0.712890625,-0.03228759765625,-1.271484375,-0.4404296875,0.162109375,0.4345703125,0.206298828125,0.05975341796875,0.13720703125
3092,3,LGSC,1,EC,-0.0740966796875,0.958984375,-1.0234375,-0.157958984375,-0.533203125,0.1739501953125,0.48876953125,0.06732177734375,0.1600341796875,0.10992431640625
32042,1,EC,1,EC,-0.472412109375,2.3515625,-0.9951171875,-0.97607421875,-0.5595703125,0.05010986328125,0.84375,0.0297088623046875,0.0302734375,0.045928955078125
55279,1,EC,2,HGSC,-1.1083984375,-1.2626953125,1.6572265625,-0.71337890625,-0.307373046875,0.046600341796875,0.039947509765625,0.740234375,0.06915283203125,0.10382080078125
56500,3,LGSC,2,HGSC,-1.4052734375,0.411865234375,0.537109375,-0.14013671875,-0.3515625,0.048675537109375,0.299560546875,0.339599609375,0.1724853515625,0.1396484375
26939,1,EC,1,EC,0.875,1.2373046875,-1.6572265625,-0.28173828125,-1.3271484375,0.340087890625,0.488525390625,0.0270233154296875,0.10693359375,0.03759765625
57162,3,LGSC,2,HGSC,-1.07421875,-0.301513671875,0.8330078125,-0.3359375,-0.69189453125,0.07427978515625,0.160888671875,0.50048828125,0.155517578125,0.10888671875
21910,1,EC,1,EC,-1.4091796875,0.6865234375,0.172607421875,-0.2054443359375,-0.388427734375,0.04974365234375,0.404541015625,0.241943359375,0.165771484375,0.1380615234375
59383,2,HGSC,2,HGSC,-1.158203125,-1.021484375,1.6357421875,-0.6025390625,-0.3818359375,0.04461669921875,0.051177978515625,0.7294921875,0.0777587890625,0.09698486328125
38048,2,HGSC,2,HGSC,-0.86767578125,-0.13671875,0.89599609375,-0.61279296875,-0.77197265625,0.0885009765625,0.183837890625,0.51611328125,0.11419677734375,0.09735107421875
25331,4,MC,2,HGSC,-1.1298828125,-0.61181640625,1.1015625,-0.27294921875,-0.435546875,0.0611572265625,0.1026611328125,0.56982421875,0.14404296875,0.1224365234375
43671,2,HGSC,2,HGSC,-1.2890625,-0.9130859375,1.5146484375,-0.5068359375,-0.6376953125,0.043365478515625,0.0631103515625,0.71533203125,0.09478759765625,0.0831298828125
52931,0,CC,0,CC,1.5517578125,0.37158203125,-1.5908203125,-0.509765625,-1.2119140625,0.64892578125,0.199462890625,0.02801513671875,0.08258056640625,0.040924072265625
50048,1,EC,1,EC,-1.1875,1.1904296875,-0.93994140625,0.865234375,-0.56689453125,0.044036865234375,0.474853515625,0.056396484375,0.343017578125,0.0819091796875
29888,2,HGSC,1,EC,-1.28125,1.603515625,-0.8232421875,0.406494140625,-0.328369140625,0.035125732421875,0.62841796875,0.055511474609375,0.1898193359375,0.091064453125
28066,1,EC,1,EC,-0.347900390625,0.708984375,-0.465576171875,-0.138671875,-0.64892578125,0.1484375,0.427001953125,0.1319580078125,0.182861328125,0.10980224609375
45990,0,CC,1,EC,0.79638671875,1.2080078125,-1.8623046875,-0.1949462890625,-1.3759765625,0.326416015625,0.492431640625,0.022857666015625,0.12109375,0.03717041015625
65300,2,HGSC,2,HGSC,-1.34375,-0.66259765625,1.25,-0.37451171875,-0.33251953125,0.045989990234375,0.09088134765625,0.615234375,0.1212158203125,0.12646484375
15486,0,CC,0,CC,1.263671875,-0.37158203125,-1.5947265625,0.386474609375,-1.4375,0.576171875,0.1123046875,0.033050537109375,0.23974609375,0.0386962890625
32032,0,CC,1,EC,-1.408203125,1.169921875,-0.10791015625,-0.1512451171875,-0.564453125,0.042236328125,0.55615234375,0.155029296875,0.1484375,0.09820556640625
63836,1,EC,2,HGSC,-1.2041015625,-0.6220703125,1.2578125,-0.2286376953125,-0.52294921875,0.05224609375,0.093505859375,0.6123046875,0.1385498046875,0.10321044921875
32432,1,EC,2,HGSC,-0.98974609375,-0.480712890625,1.2421875,-0.798828125,-0.6259765625,0.068359375,0.11370849609375,0.63671875,0.08270263671875,0.09832763671875
8280,2,HGSC,1,EC,-0.83349609375,0.52587890625,-0.1951904296875,0.274169921875,-0.68310546875,0.09112548828125,0.354736328125,0.1724853515625,0.27587890625,0.10589599609375
18981,2,HGSC,2,HGSC,-0.408447265625,-0.0819091796875,0.6572265625,-0.98291015625,-0.86474609375,0.1541748046875,0.2137451171875,0.447509765625,0.0867919921875,0.09771728515625
61823,1,EC,2,HGSC,-1.333984375,-1.0556640625,1.8203125,-0.4345703125,-0.5849609375,0.032958984375,0.043548583984375,0.7724609375,0.0810546875,0.0697021484375
5456,4,MC,1,EC,-0.876953125,0.255126953125,-0.2880859375,-0.1854248046875,0.17333984375,0.09295654296875,0.288330078125,0.16748046875,0.185546875,0.265625
44603,0,CC,0,CC,2.0625,-1.015625,-1.482421875,-0.1533203125,-1.2890625,0.8203125,0.03778076171875,0.023681640625,0.0894775390625,0.0287322998046875
20670,2,HGSC,0,CC,0.162841796875,-0.2252197265625,-0.1219482421875,-0.173828125,-0.492431640625,0.27294921875,0.1851806640625,0.205322265625,0.1949462890625,0.1417236328125
17854,2,HGSC,2,HGSC,-0.84521484375,-0.53466796875,1.0322265625,-0.71240234375,-0.90185546875,0.09100341796875,0.1241455078125,0.5947265625,0.10394287109375,0.08599853515625
43815,2,HGSC,2,HGSC,-1.2509765625,-0.458740234375,1.435546875,-0.68359375,-0.54931640625,0.046142578125,0.1019287109375,0.67724609375,0.08135986328125,0.09307861328125
52461,0,CC,0,CC,1.171875,0.1484375,-1.0556640625,-0.73974609375,-0.89892578125,0.57421875,0.2064208984375,0.061920166015625,0.08489990234375,0.0723876953125
1020,2,HGSC,2,HGSC,-0.8203125,-0.021392822265625,0.395263671875,-0.3662109375,-1.0126953125,0.11114501953125,0.2471923828125,0.375,0.175048828125,0.09173583984375
13364,2,HGSC,2,HGSC,-0.70458984375,-0.2088623046875,0.83837890625,-0.91064453125,-0.50341796875,0.10687255859375,0.1754150390625,0.5,0.08697509765625,0.1307373046875
5970,0,CC,0,CC,0.22021484375,-0.8564453125,0.1318359375,-0.26171875,-0.9892578125,0.315185546875,0.107421875,0.28857421875,0.1947021484375,0.09405517578125
61797,2,HGSC,0,CC,0.89306640625,-1.466796875,-0.0648193359375,-0.251708984375,-0.9599609375,0.51220703125,0.04833984375,0.1964111328125,0.1629638671875,0.08026123046875
39146,2,HGSC,2,HGSC,-0.94873046875,-1.4169921875,1.7587890625,-0.345703125,-0.1519775390625,0.04840087890625,0.030303955078125,0.7255859375,0.08843994140625,0.10736083984375
5851,2,HGSC,2,HGSC,-1.0673828125,-1.630859375,2.080078125,-0.52587890625,-0.58642578125,0.035491943359375,0.02020263671875,0.826171875,0.06097412109375,0.057403564453125
1774,2,HGSC,2,HGSC,-0.89208984375,-1.5087890625,1.80078125,-0.671875,-0.5068359375,0.05255126953125,0.0283660888671875,0.7763671875,0.06549072265625,0.0772705078125
17738,1,EC,2,HGSC,-1.12109375,-1.31640625,1.943359375,-0.662109375,-0.6708984375,0.037872314453125,0.031158447265625,0.8115234375,0.0599365234375,0.059417724609375
12442,0,CC,2,HGSC,0.53271484375,-1.986328125,0.927734375,-0.59033203125,-0.91943359375,0.320068359375,0.0257720947265625,0.47509765625,0.1041259765625,0.07489013671875
22425,0,CC,0,CC,0.368896484375,-0.8857421875,0.0239410400390625,-0.9765625,-0.5869140625,0.37890625,0.10809326171875,0.2685546875,0.09869384765625,0.145751953125
31594,1,EC,1,EC,-1.2529296875,1.466796875,-0.7548828125,0.10791015625,-0.0697021484375,0.040008544921875,0.607421875,0.06585693359375,0.156005859375,0.130615234375
34508,4,MC,2,HGSC,-1.2109375,-1.3251953125,1.8974609375,-0.591796875,-0.2120361328125,0.03466796875,0.030914306640625,0.77587890625,0.06439208984375,0.0941162109375
26533,0,CC,0,CC,2.7421875,-1.0146484375,-1.50390625,-0.630859375,-1.4228515625,0.91943359375,0.021484375,0.0131683349609375,0.031524658203125,0.0142822265625
11431,1,EC,0,CC,1.4091796875,0.125732421875,-1.0634765625,-0.68017578125,-0.9267578125,0.63232421875,0.1751708984375,0.053314208984375,0.0782470703125,0.061126708984375
56947,0,CC,2,HGSC,0.1842041015625,-1.5166015625,0.865234375,-0.78759765625,-0.78662109375,0.25537109375,0.046630859375,0.50439453125,0.09661865234375,0.09674072265625
49942,1,EC,1,EC,-1.6357421875,1.029296875,0.07403564453125,-0.426513671875,-0.2379150390625,0.03533935546875,0.5078125,0.1953125,0.118408203125,0.14306640625
47911,2,HGSC,2,HGSC,-1.0107421875,-1.7294921875,1.8212890625,-0.62060546875,-0.29150390625,0.04547119140625,0.02215576171875,0.77197265625,0.067138671875,0.09332275390625
11417,2,HGSC,2,HGSC,-0.416259765625,-1.4580078125,1.4013671875,-0.73291015625,-0.71826171875,0.11138916015625,0.039306640625,0.68603515625,0.0811767578125,0.08233642578125
91,2,HGSC,2,HGSC,-0.69140625,-0.73291015625,0.46826171875,-0.60400390625,-0.12286376953125,0.12493896484375,0.11981201171875,0.3984375,0.1363525390625,0.2205810546875
35197,0,CC,2,HGSC,0.3642578125,-1.75,0.93505859375,-0.564453125,-0.650390625,0.274169921875,0.0330810546875,0.485107421875,0.1082763671875,0.099365234375
47837,2,HGSC,2,HGSC,-0.947265625,-1.572265625,1.7509765625,-0.40673828125,-0.5654296875,0.05108642578125,0.02734375,0.7587890625,0.08770751953125,0.0748291015625
8130,3,LGSC,1,EC,-0.386474609375,0.32763671875,-0.456298828125,-0.2052001953125,-1.0634765625,0.176025390625,0.359375,0.1641845703125,0.2109375,0.08941650390625
40503,1,EC,1,EC,-1.255859375,1.302734375,0.2369384765625,-1.041015625,-0.52294921875,0.046112060546875,0.595703125,0.2052001953125,0.057159423828125,0.095947265625
22489,0,CC,0,CC,0.4765625,-1.951171875,0.28662109375,-0.1527099609375,-1.06640625,0.375732421875,0.03314208984375,0.310791015625,0.2001953125,0.080322265625
22290,0,CC,0,CC,2.421875,-0.888671875,-1.4384765625,-0.75048828125,-1.2421875,0.888671875,0.032440185546875,0.0187225341796875,0.0372314453125,0.0227813720703125
15742,1,EC,1,EC,0.35107421875,1.7734375,-1.4052734375,-0.99267578125,-0.7490234375,0.1690673828125,0.701171875,0.029205322265625,0.04412841796875,0.0562744140625
52836,1,EC,2,HGSC,-1.91796875,-0.1988525390625,1.3603515625,-0.410888671875,-0.54541015625,0.0240631103515625,0.13427734375,0.63818359375,0.10858154296875,0.09490966796875
20882,1,EC,1,EC,-1.19921875,2.31640625,-0.78662109375,-0.359619140625,-0.402587890625,0.0245819091796875,0.82666015625,0.037139892578125,0.056915283203125,0.054534912109375
27950,2,HGSC,2,HGSC,-0.521484375,-1.6044921875,1.0439453125,-0.1689453125,-0.71142578125,0.11944580078125,0.040435791015625,0.5712890625,0.169921875,0.0987548828125
39297,2,HGSC,2,HGSC,-1.2470703125,-1.123046875,1.58984375,-0.44580078125,-0.1397705078125,0.0408935546875,0.046295166015625,0.69775390625,0.09112548828125,0.123779296875
21232,1,EC,2,HGSC,-1.5205078125,-0.91015625,1.638671875,-0.4140625,-0.263916015625,0.030364990234375,0.055908203125,0.71533203125,0.091796875,0.106689453125
38041,2,HGSC,2,HGSC,-1.697265625,-0.82421875,1.6728515625,-0.55419921875,-0.387451171875,0.0254364013671875,0.060882568359375,0.73974609375,0.07977294921875,0.09423828125
27851,1,EC,1,EC,-0.97802734375,2.37890625,-0.58349609375,-0.484130859375,-0.13330078125,0.0284423828125,0.81640625,0.042205810546875,0.046630859375,0.06622314453125
34822,1,EC,2,HGSC,-0.72705078125,-1.013671875,1.1044921875,-0.5537109375,-0.74755859375,0.098388671875,0.0738525390625,0.6142578125,0.11700439453125,0.09637451171875
46793,2,HGSC,2,HGSC,-1.4599609375,-0.8759765625,1.654296875,-0.5029296875,-0.463134765625,0.03265380859375,0.058563232421875,0.7353515625,0.08502197265625,0.0885009765625
40129,0,CC,0,CC,1.2734375,-0.81201171875,-1.068359375,-0.974609375,-0.552734375,0.67236328125,0.08355712890625,0.06463623046875,0.071044921875,0.1082763671875
39880,0,CC,2,HGSC,-1.09765625,-0.66259765625,1.2490234375,-0.400390625,-0.21337890625,0.057373046875,0.08868408203125,0.599609375,0.115234375,0.138916015625
2706,2,HGSC,2,HGSC,-1.6103515625,-0.818359375,1.7373046875,-0.5078125,-0.5986328125,0.0267333984375,0.05902099609375,0.76025390625,0.08050537109375,0.07354736328125
6793,1,EC,0,CC,1.3642578125,0.78369140625,-1.671875,-0.958984375,-0.82958984375,0.55029296875,0.307861328125,0.02642822265625,0.05389404296875,0.061370849609375
46769,0,CC,0,CC,1.919921875,0.025909423828125,-1.7919921875,-0.79248046875,-1.0419921875,0.7734375,0.11639404296875,0.018890380859375,0.05133056640625,0.040008544921875
63941,2,HGSC,2,HGSC,-1.35546875,-0.1949462890625,1.44921875,-1.0283203125,-0.6337890625,0.0413818359375,0.132080078125,0.68408203125,0.057403564453125,0.085205078125
30508,2,HGSC,2,HGSC,-0.69775390625,-1.5146484375,1.6689453125,-0.5732421875,-0.58251953125,0.06964111328125,0.03076171875,0.74267578125,0.078857421875,0.078125
51893,4,MC,1,EC,-0.93701171875,1.6806640625,-0.94091796875,-0.332763671875,0.062408447265625,0.04937744140625,0.6767578125,0.0491943359375,0.09039306640625,0.1341552734375
1952,0,CC,0,CC,2.443359375,-1.869140625,-1.2685546875,-0.87890625,-0.86181640625,0.900390625,0.01206207275390625,0.022003173828125,0.032470703125,0.033050537109375
52308,2,HGSC,2,HGSC,-1.4013671875,-0.5087890625,1.40234375,-0.450927734375,-0.58984375,0.04034423828125,0.0985107421875,0.666015625,0.1043701171875,0.0908203125
44581,0,CC,1,EC,0.654296875,1.1396484375,-2.08984375,-0.15185546875,-0.900390625,0.298828125,0.4853515625,0.0192108154296875,0.1334228515625,0.0631103515625
28821,2,HGSC,2,HGSC,-0.7255859375,-1.1591796875,1.5732421875,-0.509765625,-0.849609375,0.07281494140625,0.04718017578125,0.72509765625,0.09033203125,0.0643310546875
41368,1,EC,1,EC,0.345703125,1.2724609375,-1.4794921875,-0.30078125,-0.85302734375,0.2215576171875,0.5595703125,0.03570556640625,0.1160888671875,0.06683349609375
53059,2,HGSC,2,HGSC,-1.1181640625,-1.33203125,2.0390625,-0.40576171875,-0.63037109375,0.034515380859375,0.027862548828125,0.81103515625,0.07037353515625,0.05621337890625
52375,0,CC,2,HGSC,-0.80078125,-0.5224609375,0.87939453125,-0.1734619140625,-0.313720703125,0.08935546875,0.1180419921875,0.479736328125,0.1673583984375,0.1455078125
22740,1,EC,2,HGSC,-1.72265625,-0.27783203125,1.5400390625,-0.39892578125,-0.55517578125,0.026092529296875,0.11065673828125,0.681640625,0.0980224609375,0.0838623046875
39990,2,HGSC,2,HGSC,-1.2822265625,-1.103515625,1.80859375,-0.380126953125,-0.5771484375,0.034881591796875,0.04168701171875,0.76708984375,0.0859375,0.070556640625
16876,0,CC,2,HGSC,-0.857421875,-1.474609375,1.83203125,-0.414306640625,-0.364501953125,0.0513916015625,0.0277252197265625,0.7568359375,0.080078125,0.0841064453125
44976,0,CC,0,CC,2.5703125,-1.791015625,-1.494140625,-0.4990234375,-0.77392578125,0.8994140625,0.01148223876953125,0.01544952392578125,0.041778564453125,0.03173828125
30868,4,MC,1,EC,-0.93310546875,2.240234375,-1.044921875,-0.275146484375,-0.205810546875,0.0335693359375,0.80224609375,0.030029296875,0.0648193359375,0.0694580078125
36783,4,MC,0,CC,1.220703125,-0.054168701171875,-1.912109375,-0.400390625,-0.287109375,0.57421875,0.160400390625,0.0250244140625,0.11346435546875,0.1270751953125
30738,2,HGSC,2,HGSC,-0.78515625,-1.5302734375,1.3486328125,-0.291015625,-0.310791015625,0.075927734375,0.036041259765625,0.6416015625,0.12445068359375,0.1220703125
286,1,EC,1,EC,-0.99609375,2.654296875,-1.2490234375,-0.02923583984375,-0.5322265625,0.0224761962890625,0.865234375,0.0174560546875,0.059112548828125,0.035736083984375
4797,4,MC,4,MC,-0.365478515625,-0.339111328125,-0.2265625,-0.7080078125,0.59228515625,0.154052734375,0.158203125,0.177001953125,0.109375,0.4013671875
1943,0,CC,1,EC,-0.041656494140625,0.93115234375,-1.4736328125,-0.334228515625,0.273681640625,0.1666259765625,0.44091796875,0.039794921875,0.1243896484375,0.2283935546875
20463,2,HGSC,2,HGSC,-0.986328125,-1.6953125,2.0234375,-0.420166015625,-0.25537109375,0.039031982421875,0.0192108154296875,0.7919921875,0.06878662109375,0.08111572265625
53402,1,EC,2,HGSC,-0.572265625,-1.1962890625,1.1611328125,-0.388916015625,-0.2484130859375,0.10223388671875,0.054779052734375,0.57861328125,0.12286376953125,0.141357421875
17291,0,CC,0,CC,1.724609375,0.06854248046875,-2.19140625,-0.796875,-0.2958984375,0.7021484375,0.134033203125,0.0139923095703125,0.056427001953125,0.0931396484375
47984,2,HGSC,2,HGSC,-0.6552734375,-1.208984375,1.1875,-0.442626953125,-0.152587890625,0.0927734375,0.053314208984375,0.5859375,0.11474609375,0.1533203125
5264,2,HGSC,2,HGSC,-0.939453125,-1.4150390625,1.6240234375,-0.449462890625,-0.1949462890625,0.054534912109375,0.03387451171875,0.7080078125,0.0889892578125,0.11480712890625
30203,0,CC,0,CC,2.001953125,-1.9716796875,-1.0771484375,-0.5390625,-0.10931396484375,0.79052734375,0.01486968994140625,0.036376953125,0.062286376953125,0.09576416015625
29331,2,HGSC,2,HGSC,-1.0048828125,-1.06640625,1.3603515625,-0.77734375,-0.037628173828125,0.060699462890625,0.05706787109375,0.646484375,0.07623291015625,0.15966796875
33984,1,EC,0,CC,1.087890625,-0.395263671875,-1.251953125,-1.21484375,0.447265625,0.5126953125,0.1163330078125,0.049407958984375,0.05126953125,0.270263671875
52275,2,HGSC,2,HGSC,-1.076171875,-1.482421875,1.77734375,-0.6357421875,-0.29541015625,0.0439453125,0.0292816162109375,0.7626953125,0.06829833984375,0.095947265625
48861,2,HGSC,2,HGSC,-1.015625,-1.640625,1.9619140625,-0.5234375,-0.215576171875,0.039947509765625,0.0213775634765625,0.78466796875,0.06536865234375,0.0888671875
35565,4,MC,0,CC,0.82373046875,0.019317626953125,-1.6484375,-0.7333984375,0.61669921875,0.391357421875,0.175048828125,0.03302001953125,0.08245849609375,0.318115234375
54506,2,HGSC,2,HGSC,-0.1407470703125,-1.3740234375,0.7412109375,-0.1947021484375,0.0926513671875,0.1689453125,0.049224853515625,0.408203125,0.16015625,0.21337890625
42549,0,CC,0,CC,2.0859375,-1.5908203125,-1.5751953125,-0.468505859375,-0.09423828125,0.80517578125,0.0203857421875,0.0207061767578125,0.0626220703125,0.09100341796875
58974,0,CC,0,CC,2.23828125,-0.9921875,-1.6923828125,-0.810546875,0.05999755859375,0.81982421875,0.03240966796875,0.0160980224609375,0.03887939453125,0.09283447265625
38669,0,CC,2,HGSC,-1.076171875,-1.3720703125,1.6796875,-0.546875,-0.2117919921875,0.046417236328125,0.034515380859375,0.72998046875,0.07879638671875,0.11016845703125
48973,2,HGSC,2,HGSC,-0.326904296875,-1.1337890625,0.720703125,-0.5078125,0.0753173828125,0.15087890625,0.06732177734375,0.43017578125,0.1259765625,0.2255859375
61961,0,CC,0,CC,2.501953125,-1.5556640625,-1.919921875,-0.78857421875,-0.39599609375,0.8916015625,0.015411376953125,0.010711669921875,0.033203125,0.049163818359375
18914,2,HGSC,2,HGSC,-1.23828125,-1.369140625,2.05078125,-0.380126953125,-0.50439453125,0.030181884765625,0.0264739990234375,0.80908203125,0.0711669921875,0.0628662109375
9341,2,HGSC,2,HGSC,-1.041015625,-1.7197265625,1.9375,-0.2269287109375,-0.59912109375,0.0400390625,0.0203094482421875,0.787109375,0.09033203125,0.062286376953125
32192,2,HGSC,2,HGSC,-0.493408203125,-1.7548828125,1.255859375,-0.44775390625,-0.45068359375,0.109619140625,0.031036376953125,0.63037109375,0.11474609375,0.1143798828125
45104,2,HGSC,2,HGSC,-1.0517578125,-1.2568359375,1.767578125,-0.2135009765625,-0.52197265625,0.04425048828125,0.03607177734375,0.7421875,0.10235595703125,0.0751953125
47105,1,EC,0,CC,0.546875,-0.587890625,-0.338134765625,-0.379638671875,-0.09893798828125,0.376708984375,0.12109375,0.155517578125,0.149169921875,0.197509765625
3881,2,HGSC,2,HGSC,-1.173828125,-1.1796875,1.8642578125,-0.35302734375,-0.56591796875,0.037078857421875,0.036865234375,0.77392578125,0.084228515625,0.068115234375
15671,1,EC,2,HGSC,-1.2314453125,-0.4326171875,1.322265625,-0.58251953125,-0.345947265625,0.048980712890625,0.10888671875,0.6298828125,0.09375,0.11871337890625
46736,2,HGSC,2,HGSC,-1.0634765625,-1.5458984375,1.7890625,-0.40625,-0.50732421875,0.044189453125,0.02728271484375,0.76611328125,0.08526611328125,0.07708740234375
2906,1,EC,2,HGSC,-1.1171875,-0.716796875,1.1591796875,-1.0341796875,-0.35791015625,0.064697265625,0.0965576171875,0.63037109375,0.0703125,0.13818359375
56861,0,CC,0,CC,2.818359375,-1.6552734375,-1.7607421875,-0.6220703125,-0.7763671875,0.9248046875,0.01055145263671875,0.009490966796875,0.0296478271484375,0.0254058837890625
39252,4,MC,2,HGSC,-0.95703125,-1.07421875,1.0068359375,-0.861328125,0.208984375,0.07501220703125,0.0667724609375,0.53466796875,0.08258056640625,0.2408447265625
56351,4,MC,4,MC,-1.0419921875,0.046661376953125,0.0191650390625,-0.9931640625,0.70703125,0.0732421875,0.2174072265625,0.2115478515625,0.076904296875,0.4208984375
55281,2,HGSC,0,CC,0.7265625,-1.1689453125,-0.19482421875,-0.9765625,-0.2086181640625,0.470947265625,0.07080078125,0.1875,0.0858154296875,0.1849365234375
21303,3,LGSC,1,EC,-0.414306640625,1.400390625,-1.2470703125,-0.234375,0.396484375,0.09075927734375,0.55712890625,0.039459228515625,0.108642578125,0.2041015625
57711,1,EC,1,EC,-0.1705322265625,0.08697509765625,-0.3916015625,-0.9580078125,-0.2335205078125,0.2227783203125,0.2880859375,0.1785888671875,0.10137939453125,0.2091064453125
6359,0,CC,0,CC,0.2451171875,-0.465576171875,-0.388427734375,-1.1103515625,0.00769805908203125,0.325927734375,0.16015625,0.1729736328125,0.08404541015625,0.257080078125
20205,0,CC,0,CC,1.17578125,-1.46875,-0.6162109375,-0.896484375,-0.48974609375,0.64404296875,0.045745849609375,0.1072998046875,0.08111572265625,0.12176513671875
37190,4,MC,2,HGSC,-0.76611328125,-0.495361328125,0.44482421875,-0.89208984375,0.1405029296875,0.11077880859375,0.145263671875,0.371826171875,0.09765625,0.2744140625
23796,3,LGSC,2,HGSC,-1.1396484375,-1.0126953125,1.25,-0.72119140625,-0.068603515625,0.05718994140625,0.06494140625,0.6240234375,0.0869140625,0.1668701171875
17365,2,HGSC,2,HGSC,-1.3173828125,-1.091796875,1.7314453125,-0.460205078125,-0.2310791015625,0.034881591796875,0.043701171875,0.73583984375,0.08221435546875,0.1033935546875
50712,2,HGSC,4,MC,-0.58935546875,0.006214141845703125,0.137451171875,-0.98876953125,0.160400390625,0.13037109375,0.236572265625,0.269775390625,0.08746337890625,0.27587890625
3084,4,MC,2,HGSC,-1.19140625,-0.89794921875,1.025390625,-0.85009765625,0.469970703125,0.054962158203125,0.07373046875,0.50439453125,0.07733154296875,0.28955078125
25928,0,CC,0,CC,2.39453125,-0.79638671875,-2.34765625,-0.6806640625,-0.70068359375,0.8759765625,0.036041259765625,0.007640838623046875,0.04046630859375,0.0396728515625
21432,2,HGSC,0,CC,1.515625,-0.007610321044921875,-2.169921875,-0.7578125,-0.09002685546875,0.646484375,0.1409912109375,0.0162200927734375,0.06658935546875,0.1297607421875
25792,2,HGSC,2,HGSC,-1.8349609375,-0.6845703125,1.6796875,-0.6171875,-0.08245849609375,0.0213165283203125,0.06732177734375,0.71630859375,0.072021484375,0.12298583984375
25923,0,CC,0,CC,1.3671875,-0.7802734375,-1.138671875,-0.60009765625,-0.365478515625,0.66015625,0.07708740234375,0.053863525390625,0.09228515625,0.11669921875
2227,4,MC,1,EC,-1.337890625,1.3916015625,-0.80908203125,-0.533203125,0.81884765625,0.03460693359375,0.5302734375,0.0587158203125,0.077392578125,0.299072265625
8805,2,HGSC,2,HGSC,-1.509765625,-0.91162109375,0.98681640625,-0.71728515625,0.4296875,0.04144287109375,0.07537841796875,0.50341796875,0.091552734375,0.288330078125
5307,2,HGSC,2,HGSC,-1.4150390625,-0.6259765625,0.90234375,-0.87158203125,0.4130859375,0.046966552734375,0.1033935546875,0.4765625,0.08087158203125,0.292236328125
52612,3,LGSC,2,HGSC,-1.47265625,-0.39501953125,0.75244140625,-0.289794921875,0.5537109375,0.041595458984375,0.1221923828125,0.385009765625,0.1357421875,0.3154296875
14312,4,MC,2,HGSC,-0.6640625,-0.810546875,0.66845703125,-0.97998046875,-0.163330078125,0.12445068359375,0.1075439453125,0.471923828125,0.09075927734375,0.2054443359375
5015,2,HGSC,4,MC,-1.265625,0.169677734375,0.236572265625,-0.11273193359375,0.47998046875,0.053802490234375,0.2259521484375,0.2415771484375,0.17041015625,0.30810546875
5852,3,LGSC,2,HGSC,-1.1943359375,-1.14453125,1.3603515625,-0.325439453125,0.1552734375,0.047271728515625,0.0496826171875,0.60791015625,0.1126708984375,0.1822509765625
39269,1,EC,2,HGSC,-1.12109375,-0.8876953125,1.1748046875,-0.309326171875,0.343017578125,0.05328369140625,0.0672607421875,0.529296875,0.11993408203125,0.2303466796875
6175,2,HGSC,2,HGSC,-1.6337890625,-0.332275390625,1.267578125,-0.50830078125,0.349853515625,0.0301055908203125,0.110595703125,0.5478515625,0.0927734375,0.21875
970,2,HGSC,2,HGSC,-1.2490234375,-1.1572265625,1.576171875,-0.260986328125,-0.0657958984375,0.040130615234375,0.04400634765625,0.6767578125,0.10784912109375,0.131103515625
40888,0,CC,4,MC,0.417236328125,-0.70751953125,-0.8193359375,-0.7333984375,0.68994140625,0.30810546875,0.10009765625,0.0894775390625,0.0975341796875,0.40478515625
21445,4,MC,4,MC,-0.72119140625,-0.71044921875,0.26123046875,-0.859375,0.9072265625,0.09393310546875,0.09490966796875,0.250732421875,0.081787109375,0.478515625
15871,2,HGSC,2,HGSC,-1.4228515625,-1.2880859375,1.8876953125,-0.2783203125,-0.2607421875,0.027862548828125,0.031890869140625,0.763671875,0.0875244140625,0.089111328125
6898,3,LGSC,0,CC,0.5693359375,-1.5546875,-0.55810546875,0.1217041015625,-0.2100830078125,0.3935546875,0.04705810546875,0.12744140625,0.25146484375,0.1805419921875
30794,2,HGSC,0,CC,1.1474609375,-0.75390625,-1.55078125,0.049774169921875,0.106689453125,0.525390625,0.0784912109375,0.035369873046875,0.17529296875,0.185546875
9697,2,HGSC,2,HGSC,-1.162109375,-1.22265625,1.6884765625,-0.623046875,-0.177978515625,0.042327880859375,0.039825439453125,0.73193359375,0.07257080078125,0.11322021484375
64629,2,HGSC,2,HGSC,-1.10546875,-0.9921875,1.568359375,-0.08575439453125,-0.082275390625,0.04510498046875,0.050506591796875,0.65380859375,0.125,0.12548828125
49995,1,EC,2,HGSC,-0.8076171875,-0.61279296875,0.673828125,-0.6796875,0.36962890625,0.0909423828125,0.1104736328125,0.400146484375,0.10333251953125,0.295166015625
58895,2,HGSC,2,HGSC,-1.2197265625,-1.4306640625,1.6875,-0.260009765625,0.1044921875,0.037750244140625,0.03057861328125,0.69091796875,0.09857177734375,0.1419677734375
54590,2,HGSC,2,HGSC,-0.93994140625,-1.3994140625,1.5830078125,-0.373779296875,-0.5087890625,0.057464599609375,0.03631591796875,0.71630859375,0.10125732421875,0.08843994140625
6449,0,CC,0,CC,1.8525390625,-0.61767578125,-1.966796875,-0.67041015625,-0.377685546875,0.7724609375,0.06536865234375,0.0169525146484375,0.061981201171875,0.08306884765625
54473,3,LGSC,2,HGSC,-0.912109375,-1.384765625,1.5517578125,0.0745849609375,-0.2080078125,0.055328369140625,0.03448486328125,0.64990234375,0.1484375,0.11187744140625
1101,2,HGSC,2,HGSC,-1.4609375,-1.2763671875,2.130859375,-0.341796875,-0.4599609375,0.0225830078125,0.02716064453125,0.81982421875,0.06915283203125,0.061431884765625
21929,0,CC,2,HGSC,-0.77734375,-1.4052734375,1.6904296875,-0.440673828125,-0.474853515625,0.062164306640625,0.033172607421875,0.7333984375,0.0870361328125,0.08416748046875
8213,2,HGSC,2,HGSC,-1.228515625,-1.564453125,2.189453125,-0.3466796875,-0.55224609375,0.027313232421875,0.01953125,0.83349609375,0.06597900390625,0.0537109375
27245,2,HGSC,2,HGSC,-0.8837890625,-1.623046875,1.8212890625,-0.31982421875,-0.38134765625,0.050384521484375,0.0240631103515625,0.75390625,0.08856201171875,0.08331298828125
40639,2,HGSC,2,HGSC,-1.1259765625,-0.64453125,1.0615234375,-0.061431884765625,-0.127197265625,0.058319091796875,0.09442138671875,0.52001953125,0.1690673828125,0.1583251953125
4877,0,CC,0,CC,1.78125,-0.73974609375,-2.09375,-0.198486328125,-0.400146484375,0.73974609375,0.0594482421875,0.015350341796875,0.10211181640625,0.08349609375
8279,0,CC,0,CC,0.50927734375,-1.9111328125,0.2548828125,-0.0274810791015625,-0.68994140625,0.363525390625,0.032318115234375,0.281982421875,0.2125244140625,0.109619140625
51128,1,EC,2,HGSC,-1.5078125,-0.81689453125,1.828125,-0.27685546875,-0.341064453125,0.0265045166015625,0.052886962890625,0.74462890625,0.09075927734375,0.0850830078125
25561,2,HGSC,2,HGSC,-0.94677734375,-1.2685546875,1.8037109375,-0.5390625,-0.74560546875,0.04974365234375,0.03607177734375,0.77880859375,0.07476806640625,0.060821533203125
45725,0,CC,0,CC,2.56640625,-1.9375,-1.427734375,-0.2327880859375,-0.83203125,0.8896484375,0.00984954833984375,0.016387939453125,0.054168701171875,0.0297393798828125
39466,3,LGSC,2,HGSC,-0.76904296875,-1.4970703125,1.587890625,0.0250091552734375,-0.77001953125,0.0655517578125,0.031646728515625,0.6923828125,0.14501953125,0.06549072265625
8531,1,EC,2,HGSC,-1.2431640625,-0.88623046875,1.783203125,-0.18017578125,-0.57958984375,0.035858154296875,0.051239013671875,0.7392578125,0.10382080078125,0.06964111328125
42296,0,CC,0,CC,2.009765625,-1.9501953125,-1.16796875,-0.1773681640625,-0.78271484375,0.81005859375,0.01544189453125,0.033782958984375,0.0909423828125,0.049652099609375
34720,2,HGSC,2,HGSC,-0.9052734375,-0.99169921875,1.58984375,-0.174072265625,-0.73583984375,0.05780029296875,0.053009033203125,0.70068359375,0.12005615234375,0.0684814453125
57265,4,MC,2,HGSC,-0.86865234375,-1.3720703125,1.796875,-0.302734375,-0.30419921875,0.05126953125,0.031005859375,0.7373046875,0.09033203125,0.0902099609375
36204,2,HGSC,2,HGSC,-0.71484375,-1.3466796875,1.57421875,-0.20361328125,-0.390380859375,0.0692138671875,0.03680419921875,0.6826171875,0.11541748046875,0.09576416015625
36008,2,HGSC,2,HGSC,0.1163330078125,-1.6650390625,0.5693359375,-0.1697998046875,-0.59423828125,0.2509765625,0.042266845703125,0.394775390625,0.1885986328125,0.12335205078125
40079,1,EC,2,HGSC,-1.21875,-0.90966796875,1.7587890625,-0.270751953125,-0.63427734375,0.03790283203125,0.0516357421875,0.74462890625,0.09783935546875,0.0679931640625
14532,4,MC,2,HGSC,0.181884765625,-1.359375,0.46923828125,-0.074462890625,-0.30859375,0.254150390625,0.054443359375,0.3388671875,0.19677734375,0.1556396484375
35239,2,HGSC,2,HGSC,0.0027828216552734375,-1.638671875,0.69970703125,-0.203857421875,-0.3544921875,0.212158203125,0.04107666015625,0.42578125,0.1724853515625,0.1484375
43390,2,HGSC,2,HGSC,-0.87744140625,-1.3154296875,1.5341796875,-0.375732421875,-0.373046875,0.062103271484375,0.040069580078125,0.6923828125,0.1025390625,0.10284423828125
18138,1,EC,1,EC,-0.34521484375,0.95654296875,-0.8212890625,-0.133056640625,0.022369384765625,0.1253662109375,0.460693359375,0.077880859375,0.155029296875,0.1810302734375
52420,0,CC,0,CC,2.203125,-1.1669921875,-1.58203125,-0.701171875,-0.58154296875,0.85205078125,0.029296875,0.01934814453125,0.04669189453125,0.0526123046875
63429,1,EC,1,EC,-0.377197265625,0.373046875,-0.330078125,-0.72216796875,0.3388671875,0.14453125,0.305908203125,0.1514892578125,0.10235595703125,0.295654296875
20858,2,HGSC,2,HGSC,-1.2412109375,-1.134765625,1.5712890625,-0.50732421875,-0.275146484375,0.0426025390625,0.047393798828125,0.70947265625,0.0887451171875,0.1119384765625
46172,2,HGSC,1,EC,-1.091796875,1.017578125,-0.1878662109375,-0.50439453125,0.152587890625,0.05889892578125,0.4853515625,0.1453857421875,0.10595703125,0.204345703125
35909,1,EC,1,EC,-1.388671875,1.2314453125,0.123291015625,-0.443359375,0.280029296875,0.036834716796875,0.505859375,0.1669921875,0.09478759765625,0.1954345703125
30986,4,MC,2,HGSC,-1.154296875,-0.70654296875,1.0869140625,-0.92431640625,0.4912109375,0.0543212890625,0.0849609375,0.5107421875,0.068359375,0.281494140625
35792,4,MC,1,EC,-1.4375,1.4453125,-0.34228515625,-0.2705078125,0.533203125,0.0310211181640625,0.55419921875,0.09271240234375,0.099609375,0.2225341796875
63298,2,HGSC,2,HGSC,-1.3173828125,-0.96484375,1.662109375,-0.7197265625,-0.23681640625,0.0372314453125,0.052947998046875,0.732421875,0.06768798828125,0.10968017578125
39893,2,HGSC,2,HGSC,-1.935546875,-0.0006127357482910156,1.2421875,-0.65234375,-0.11224365234375,0.0239715576171875,0.166015625,0.5751953125,0.08648681640625,0.1484375
9658,0,CC,0,CC,2.669921875,-1.255859375,-2.095703125,-1.205078125,-0.505859375,0.9169921875,0.0180816650390625,0.007808685302734375,0.0190277099609375,0.038299560546875
15209,2,HGSC,2,HGSC,-1.4619140625,-1.041015625,1.71484375,-0.751953125,-0.20751953125,0.031219482421875,0.04754638671875,0.748046875,0.0634765625,0.10943603515625
32112,2,HGSC,2,HGSC,-1.83203125,-0.33154296875,1.8564453125,-0.65234375,-0.52880859375,0.0190887451171875,0.0855712890625,0.76318359375,0.06207275390625,0.07025146484375
4827,0,CC,0,CC,2.8359375,-1.384765625,-2.001953125,-0.92724609375,-0.6591796875,0.92919921875,0.01364898681640625,0.00736236572265625,0.0215606689453125,0.0281982421875
36678,4,MC,1,EC,-0.59033203125,0.88427734375,-0.5703125,-0.461181640625,0.6552734375,0.09088134765625,0.397216796875,0.09271240234375,0.1033935546875,0.31591796875
706,2,HGSC,2,HGSC,-1.42578125,-1.279296875,1.9873046875,-0.328857421875,-0.333251953125,0.0259857177734375,0.0300750732421875,0.78857421875,0.07781982421875,0.07745361328125
31793,3,LGSC,2,HGSC,-1.7373046875,-0.982421875,1.9599609375,-0.58984375,-0.31494140625,0.0196990966796875,0.041900634765625,0.79443359375,0.06207275390625,0.0816650390625
15293,2,HGSC,2,HGSC,-1.6015625,-1.2314453125,2.06640625,-0.314453125,-0.327392578125,0.020477294921875,0.0296630859375,0.80224609375,0.07421875,0.0732421875
6843,2,HGSC,2,HGSC,-1.5576171875,-1.01953125,1.7978515625,-0.4619140625,-0.40625,0.026641845703125,0.045654296875,0.763671875,0.0797119140625,0.08428955078125
60936,1,EC,2,HGSC,-1.32421875,-1.2783203125,1.82421875,-0.435546875,-0.232421875,0.032501220703125,0.034027099609375,0.75732421875,0.07904052734375,0.09686279296875
4,2,HGSC,2,HGSC,-1.4228515625,-0.94091796875,1.8515625,-0.256591796875,-0.45361328125,0.028656005859375,0.046417236328125,0.75732421875,0.09197998046875,0.0755615234375
6140,2,HGSC,2,HGSC,-1.2109375,-0.9404296875,1.576171875,-0.367431640625,0.040130615234375,0.041046142578125,0.053802490234375,0.66650390625,0.09539794921875,0.1434326171875
31033,0,CC,0,CC,1.0576171875,-1.5537109375,-0.78955078125,-0.39208984375,0.13525390625,0.53662109375,0.039398193359375,0.0845947265625,0.1259765625,0.21337890625
29240,2,HGSC,2,HGSC,-1.1630859375,-1.5966796875,1.9853515625,-0.3388671875,-0.37353515625,0.033966064453125,0.0220184326171875,0.79150390625,0.07745361328125,0.0748291015625
26219,0,CC,0,CC,0.7490234375,-1.9765625,0.32177734375,-0.51806640625,-0.546875,0.43994140625,0.0288238525390625,0.286865234375,0.1239013671875,0.120361328125
20316,2,HGSC,2,HGSC,-1.3984375,-1.0390625,1.8701171875,-0.29931640625,-0.24169921875,0.0286712646484375,0.041046142578125,0.7529296875,0.0860595703125,0.09112548828125
3191,0,CC,0,CC,1.0869140625,-2.1171875,0.043365478515625,-0.619140625,-0.5234375,0.5634765625,0.02288818359375,0.198486328125,0.10235595703125,0.11260986328125
64188,2,HGSC,2,HGSC,-0.578125,-1.751953125,1.37109375,-0.58740234375,-0.286376953125,0.09381103515625,0.02899169921875,0.65869140625,0.0928955078125,0.1256103515625
30712,1,EC,2,HGSC,-0.499267578125,-1.390625,1.0859375,-0.51953125,-0.2115478515625,0.1162109375,0.04766845703125,0.5673828125,0.1138916015625,0.155029296875
41586,0,CC,0,CC,2.388671875,-1.8896484375,-1.8095703125,-0.57080078125,-0.2265625,0.86669921875,0.01201629638671875,0.0130157470703125,0.044921875,0.06341552734375
13526,0,CC,0,CC,1.71875,-2.3671875,-0.99267578125,-0.6591796875,-0.474853515625,0.77685546875,0.01305389404296875,0.051605224609375,0.072021484375,0.08660888671875
29084,3,LGSC,0,CC,1.716796875,-2.302734375,-0.81201171875,-0.1978759765625,-0.3974609375,0.73193359375,0.013153076171875,0.058380126953125,0.10791015625,0.08837890625
21373,1,EC,2,HGSC,-1.3408203125,0.11279296875,0.53173828125,-0.286865234375,0.49658203125,0.047760009765625,0.204345703125,0.310791015625,0.1370849609375,0.300048828125
25604,1,EC,4,MC,-0.7041015625,-0.459228515625,0.1351318359375,-0.1470947265625,0.5283203125,0.10235595703125,0.1307373046875,0.2369384765625,0.1787109375,0.35107421875
2666,1,EC,2,HGSC,-0.83642578125,-1.1396484375,1.041015625,-0.390625,0.17822265625,0.07940673828125,0.058624267578125,0.51904296875,0.1240234375,0.218994140625
27249,2,HGSC,2,HGSC,-0.44921875,-1.4228515625,1.078125,0.17724609375,0.09527587890625,0.10443115234375,0.0394287109375,0.48095703125,0.1953125,0.179931640625
40864,3,LGSC,2,HGSC,-0.662109375,-0.81005859375,1.1806640625,-0.283203125,-0.402587890625,0.09149169921875,0.078857421875,0.57763671875,0.133544921875,0.11859130859375
16209,2,HGSC,2,HGSC,-1.0625,-1.326171875,1.8701171875,-0.241455078125,-0.52685546875,0.040771484375,0.03131103515625,0.765625,0.0926513671875,0.06964111328125
19255,2,HGSC,2,HGSC,-0.76953125,-1.4658203125,1.8056640625,-0.6669921875,-0.4619140625,0.0584716796875,0.029144287109375,0.76806640625,0.0648193359375,0.07952880859375
6558,2,HGSC,2,HGSC,-0.5146484375,-1.5712890625,1.2900390625,-0.0975341796875,-0.19775390625,0.096923828125,0.03369140625,0.58935546875,0.1470947265625,0.133056640625
52108,1,EC,1,EC,0.158935546875,0.81591796875,-1.3701171875,-0.161865234375,0.1934814453125,0.203857421875,0.39306640625,0.044189453125,0.1478271484375,0.2109375
50932,2,HGSC,2,HGSC,-0.84130859375,-0.85693359375,1.3759765625,-0.25537109375,-0.412353515625,0.0689697265625,0.06787109375,0.63330078125,0.1239013671875,0.10589599609375
12244,3,LGSC,2,HGSC,-0.97998046875,-1.07421875,1.5908203125,-0.2498779296875,-0.499755859375,0.05352783203125,0.048736572265625,0.7001953125,0.111083984375,0.0865478515625
32035,2,HGSC,2,HGSC,-1.119140625,-0.68896484375,1.376953125,-0.2174072265625,-0.36083984375,0.0518798828125,0.07977294921875,0.6298828125,0.1278076171875,0.11077880859375
37367,2,HGSC,2,HGSC,-1.1005859375,-1.1455078125,1.837890625,-0.1951904296875,-0.595703125,0.0400390625,0.038299560546875,0.75634765625,0.0989990234375,0.06634521484375
60685,0,CC,0,CC,1.5751953125,-1.169921875,-0.4208984375,-0.849609375,-0.9228515625,0.7294921875,0.046875,0.09912109375,0.0645751953125,0.05999755859375
31300,3,LGSC,2,HGSC,-0.92822265625,-0.36962890625,0.73828125,-0.03460693359375,-0.418212890625,0.082275390625,0.1439208984375,0.435546875,0.201171875,0.1370849609375
3222,1,EC,2,HGSC,-1.240234375,-0.689453125,1.1357421875,-0.124267578125,-0.22021484375,0.0517578125,0.08978271484375,0.55712890625,0.157958984375,0.1435546875
40124,1,EC,1,EC,-1.6572265625,0.75732421875,0.275146484375,-0.1756591796875,0.58349609375,0.0304107666015625,0.340087890625,0.2099609375,0.1337890625,0.285888671875
1252,2,HGSC,2,HGSC,-1.0126953125,-1.1220703125,1.52734375,-0.23779296875,-0.01166534423828125,0.051361083984375,0.046051025390625,0.6513671875,0.11151123046875,0.1397705078125
51021,2,HGSC,2,HGSC,-0.814453125,-1.4638671875,1.5107421875,-0.34716796875,-0.235595703125,0.06610107421875,0.034515380859375,0.67578125,0.10546875,0.117919921875
39144,2,HGSC,2,HGSC,-0.615234375,0.2027587890625,0.564453125,-0.245849609375,-0.54638671875,0.11065673828125,0.250732421875,0.360107421875,0.1600341796875,0.1185302734375
32636,1,EC,2,HGSC,-1.58984375,0.38232421875,1.2724609375,-0.5673828125,-0.6337890625,0.032196044921875,0.2313232421875,0.5634765625,0.0894775390625,0.083740234375
